id: 0ec0f4cb-795f-4a67-ac7e-26817c5f95ad
project_id: 920db607-6449-4019-826c-28ba39b6a8d0
number: 133
title: 'Overview page: add "In flight" section under Status distribution (in_progress + testing, linked)'
column: done
created_by: 17131b45-c7d9-45a9-ab3e-67ef574dba59
completed_by: c7c06251-d352-40f6-a425-8d5062baf554
completed_at: 2026-06-12T13:56:31.608455677+01:00
created_at: 2026-06-12T10:35:03.462015843+01:00
updated_at: 2026-06-12T13:56:31.608455677+01:00
