id: 0ec0f4cb-795f-4a67-ac7e-26817c5f95ad
project_id: 920db607-6449-4019-826c-28ba39b6a8d0
number: 133
title: 'Overview page: add "In flight" section under Status distribution (in_progress + testing, linked)'
column: todo
created_by: 17131b45-c7d9-45a9-ab3e-67ef574dba59
created_at: 2026-06-12T10:35:03.462015843+01:00
updated_at: 2026-06-12T10:39:47.413763906+01:00
