id: 67de6377-896b-46df-a718-6ce6b836db64
project_id: 920db607-6449-4019-826c-28ba39b6a8d0
number: 79
title: 'Bootstrap admin: first-login-wins + env-var override'
column: in_progress
phase_id: 60c4d889-a15e-48d2-b319-4447ad5b716d
wave: 2
created_by: 6bf84e21-2bb2-4df1-aace-448a30bcf514
created_at: 2026-05-30T22:04:40.315864825+01:00
updated_at: 2026-06-02T22:59:15.42615529+01:00
