id: 0eb5c071-2e0e-40b5-bd88-b99dbe5e1431
project_id: 920db607-6449-4019-826c-28ba39b6a8d0
number: 20
title: Filesystem picker for /p/load
column: done
phase_id: 15f4d3e4-8849-4c38-94ee-3af5600aa27d
wave: 1
created_by: d369da33-a86c-40ef-8b5a-6666c456e9a0
completed_by: 9eb60ab5-bd0e-4b15-9797-0571849e9985
completed_at: 2026-05-04T19:34:11.776076632+01:00
created_at: 2026-05-04T19:15:45.309727869+01:00
updated_at: 2026-05-04T19:34:11.776076632+01:00
