id: f9bb5d13-8b39-43da-a4de-c90352218df4
project_id: 920db607-6449-4019-826c-28ba39b6a8d0
number: 78
title: Agent ↔ user identity bridge ("acting for X" attribution)
column: done
phase_id: 60c4d889-a15e-48d2-b319-4447ad5b716d
wave: 2
created_by: 6bf84e21-2bb2-4df1-aace-448a30bcf514
completed_by: c95c9564-c6e7-4d92-b94e-4a4fa1ba41af
completed_at: 2026-06-02T23:24:47.908078106+01:00
created_at: 2026-05-30T22:04:30.968606883+01:00
updated_at: 2026-06-02T23:24:47.908078106+01:00
