id: 18b03ea4-b627-43ab-927e-40393740a5f6
project_id: 920db607-6449-4019-826c-28ba39b6a8d0
number: 66
title: 'Component library skeleton: Button, Card, Badge, Modal, Table, Form, Toast + /_dev/components playground'
column: testing
phase_id: 60c4d889-a15e-48d2-b319-4447ad5b716d
wave: 1
created_by: 6bf84e21-2bb2-4df1-aace-448a30bcf514
created_at: 2026-05-30T22:01:56.571099605+01:00
updated_at: 2026-05-30T23:08:13.179766392+01:00
