id: 5e5a3e26-2f45-480a-b5d5-d495b6969353
project_id: 920db607-6449-4019-826c-28ba39b6a8d0
number: 98
title: Archive policy form in project settings + "Apply archive policy (dry-run)" button
column: done
phase_id: 9cb33cde-d600-45e4-874b-10198f6aab85
wave: 4
created_by: 6bf84e21-2bb2-4df1-aace-448a30bcf514
completed_by: fd5a53b0-bc60-4dc1-9be7-3c7a8627ff57
completed_at: 2026-06-06T20:50:34.998245629+01:00
created_at: 2026-05-30T22:08:16.340944599+01:00
updated_at: 2026-06-06T20:50:34.998245629+01:00
