id: 1392480e-7ee2-49c6-ac89-9c590d1ec4a6
project_id: 920db607-6449-4019-826c-28ba39b6a8d0
number: 120
title: Make "acting for X" attribution clickable (Claude → /agents/{id}, Dan → /u/{user})
column: done
phase_id: 9cb33cde-d600-45e4-874b-10198f6aab85
created_by: c95c9564-c6e7-4d92-b94e-4a4fa1ba41af
completed_by: f6141525-c1a8-42d6-b583-b90d65cd793a
completed_at: 2026-06-06T20:59:33.000041415+01:00
created_at: 2026-06-02T23:25:05.21453522+01:00
updated_at: 2026-06-06T20:59:33.000041415+01:00
