id: 7266d758-697d-4f35-afd6-ed73e81cbe40
project_id: 920db607-6449-4019-826c-28ba39b6a8d0
number: 67
title: Datastar runtime + SSE hub scaffolding (no events yet)
column: done
phase_id: 60c4d889-a15e-48d2-b319-4447ad5b716d
wave: 1
created_by: 6bf84e21-2bb2-4df1-aace-448a30bcf514
completed_by: a514df2b-7b51-4f16-9f46-0715e2fc7974
completed_at: 2026-05-30T23:27:54.970193725+01:00
created_at: 2026-05-30T22:02:06.850374617+01:00
updated_at: 2026-05-30T23:27:54.970193725+01:00
