id: 398152e8-7d52-49bb-ad96-5de8e70cadef
project_id: 920db607-6449-4019-826c-28ba39b6a8d0
number: 70
title: Migrate phases index + detail + edit + new + summary to templ
column: in_progress
phase_id: 60c4d889-a15e-48d2-b319-4447ad5b716d
wave: 1
created_by: 6bf84e21-2bb2-4df1-aace-448a30bcf514
created_at: 2026-05-30T22:02:32.86305016+01:00
updated_at: 2026-05-30T23:46:47.558924568+01:00
