id: 398152e8-7d52-49bb-ad96-5de8e70cadef
project_id: 920db607-6449-4019-826c-28ba39b6a8d0
number: 70
title: Migrate phases index + detail + edit + new + summary to templ
column: done
phase_id: 60c4d889-a15e-48d2-b319-4447ad5b716d
wave: 1
created_by: 6bf84e21-2bb2-4df1-aace-448a30bcf514
completed_by: e697492f-c09c-45da-a7b4-5d639f6b12c0
completed_at: 2026-05-31T00:04:02.152072758+01:00
created_at: 2026-05-30T22:02:32.86305016+01:00
updated_at: 2026-05-31T00:04:02.152072758+01:00
