id: 077fcc15-1e3c-459d-a72e-75e9242c6d7a
project_id: 920db607-6449-4019-826c-28ba39b6a8d0
slug: ideation
number: 16
name: ideation
description: 'First-class spitball ideas: a per-project ticket kind axis, hidden by default, searchable behind an opt-in, promotable in place.'
created_by: 8da66aae-a1d0-4881-bfe9-137e7553ad7e
created_at: 2026-06-18T21:19:50.468807086+01:00
updated_at: 2026-06-18T21:19:50.468807086+01:00
