id: 54779339-2197-461b-9644-86be64b2958c
project_id: 920db607-6449-4019-826c-28ba39b6a8d0
number: 8
title: 'Cross-project resident indexes: aggregate learnings + summaries across mounts'
column: todo
phase_id: 4d573198-60c5-4013-be07-1d38a2302a65
wave: 3
depends_on:
    - 9b39533a-b49c-4b60-9201-558566a2af89
created_by: 1d9de123-3477-4003-9a8c-5f7d8f55dda4
created_at: 2026-05-02T20:58:52.676400337+01:00
updated_at: 2026-05-02T20:58:52.676400337+01:00
