id: b9787884-551d-4f6f-9b28-b0030125c04d
project_id: 920db607-6449-4019-826c-28ba39b6a8d0
number: 123
title: Archive an entire phase and all its tickets
column: todo
phase_id: 9cb33cde-d600-45e4-874b-10198f6aab85
created_by: 84aa951e-b2ad-4527-acca-d774d2601732
created_at: 2026-06-07T11:15:33.697253551+01:00
updated_at: 2026-06-07T11:15:33.697253551+01:00
