id: 08316064-54c6-4e0f-a7ce-9f388d8e846c
project_id: 920db607-6449-4019-826c-28ba39b6a8d0
number: 137
title: 'Domain + storage: add the `kind` axis to tickets'
column: in_progress
phase_id: 077fcc15-1e3c-459d-a72e-75e9242c6d7a
wave: 1
created_by: 8da66aae-a1d0-4881-bfe9-137e7553ad7e
created_at: 2026-06-18T21:20:10.254355689+01:00
updated_at: 2026-06-18T21:30:24.248553056+01:00
