id: 6e61207f-7736-4894-b85e-05421d011ddd
project_id: 920db607-6449-4019-826c-28ba39b6a8d0
number: 134
title: Web UI typography feels too default/system-font; make it more readable and characterful
column: done
phase_id: 1f568db1-4560-467d-9182-cebc4dc3c7fa
created_by: a3e24c3c-0e20-4bfe-a630-4db991775cd4
completed_by: a3e24c3c-0e20-4bfe-a630-4db991775cd4
completed_at: 2026-06-15T23:19:21.563214527+01:00
created_at: 2026-06-15T23:15:45.086929591+01:00
updated_at: 2026-06-15T23:19:21.563214527+01:00
