id: e0366d37-7ca0-45c1-8532-3402c9ab0172
project_id: 920db607-6449-4019-826c-28ba39b6a8d0
number: 65
title: 'Tailwind v4: embedded build, design tokens, replace global CSS'
column: done
phase_id: 60c4d889-a15e-48d2-b319-4447ad5b716d
wave: 1
created_by: 6bf84e21-2bb2-4df1-aace-448a30bcf514
completed_by: e474ee48-492d-4862-8d17-84749390b655
completed_at: 2026-05-30T22:47:19.902102697+01:00
created_at: 2026-05-30T22:01:49.257226689+01:00
updated_at: 2026-05-30T22:47:19.902102697+01:00
