id: fc82b003-5b0f-434d-a6cd-fa1c9d92e022
project_id: 920db607-6449-4019-826c-28ba39b6a8d0
number: 94
title: '/agents/{id} detail: activity feed of every ticket created/completed and comment authored'
column: done
phase_id: 9cb33cde-d600-45e4-874b-10198f6aab85
wave: 3
created_by: 6bf84e21-2bb2-4df1-aace-448a30bcf514
completed_by: 497a203a-3f2c-443f-b626-c36b54122494
completed_at: 2026-06-06T19:58:22.112503143+01:00
created_at: 2026-05-30T22:07:46.220566456+01:00
updated_at: 2026-06-06T19:58:22.112503143+01:00
