id: adac9c80-0698-435a-a7ad-eeac774e54a1
project_id: 920db607-6449-4019-826c-28ba39b6a8d0
number: 27
title: Cold-start error messages name the way out
column: in_progress
phase_id: 84f93aa6-be90-4d75-bbb7-40b85bedf16e
wave: 1
created_by: 2c052c5b-fc8c-4da2-ac5d-e0da7c4f0bc6
created_at: 2026-05-04T23:27:05.64740502+01:00
updated_at: 2026-05-04T23:27:44.354934104+01:00
