id: bd3b7fb8-c230-4ecc-8edf-2bb227962607
project_id: 920db607-6449-4019-826c-28ba39b6a8d0
number: 109
title: Column dwell-time + lead-time miner from system_move comments
column: todo
phase_id: a00f22bd-d305-4f48-bc06-7c29478b1b9f
wave: 1
created_by: 6bf84e21-2bb2-4df1-aace-448a30bcf514
created_at: 2026-05-30T22:11:35.313734343+01:00
updated_at: 2026-05-30T22:11:35.313734343+01:00
