id: 0c72c748-a115-4d54-b115-1d51e77dfb36
project_id: 920db607-6449-4019-826c-28ba39b6a8d0
number: 106
title: 'GitHub webhook receiver: /webhooks/github with HMAC verification'
column: todo
phase_id: 14b6e0a2-1f58-4bfb-a84b-66cc89157038
wave: 3
created_by: 6bf84e21-2bb2-4df1-aace-448a30bcf514
created_at: 2026-05-30T22:10:55.998072753+01:00
updated_at: 2026-05-30T22:10:55.998072753+01:00
