id: 302616f8-1dde-4875-a6ad-e1d0eded019d
project_id: 920db607-6449-4019-826c-28ba39b6a8d0
number: 73
title: Delete old html/template plumbing and unused render helpers
column: testing
phase_id: 60c4d889-a15e-48d2-b319-4447ad5b716d
wave: 1
created_by: 6bf84e21-2bb2-4df1-aace-448a30bcf514
created_at: 2026-05-30T22:02:56.553495981+01:00
updated_at: 2026-05-31T09:49:30.066322181+01:00
