id: 3a138760-be3d-4ca0-9562-2e081c7a22d2
project_id: 920db607-6449-4019-826c-28ba39b6a8d0
number: 55
title: Startup blocks the MCP handshake on a synchronous ollama model pull → connection times out (30s)
column: todo
created_by: 84a9726d-af30-4d85-a078-57f9ccf6c629
created_at: 2026-05-29T15:35:06.318589871+01:00
updated_at: 2026-05-29T15:35:06.318589871+01:00
