id: ac85ad86-d94d-4e90-847b-26ee96aabfd3
project_id: 920db607-6449-4019-826c-28ba39b6a8d0
number: 87
title: 'Deep-link to waves: #w3 anchors, per-wave focus filter, sticky collapse state'
column: done
phase_id: 9cb33cde-d600-45e4-874b-10198f6aab85
wave: 1
created_by: 6bf84e21-2bb2-4df1-aace-448a30bcf514
completed_by: e11a2c1d-07d0-4385-912b-e3cce63c80c8
completed_at: 2026-06-06T18:23:39.720007286+01:00
created_at: 2026-05-30T22:06:48.512370622+01:00
updated_at: 2026-06-06T18:23:39.720007286+01:00
