id: de1a552e-d51b-4867-85e5-a5e910de23c8
project_id: 920db607-6449-4019-826c-28ba39b6a8d0
number: 51
title: Initial-mount fallback should stamp the fallback's model name (truth, not user intent)
column: done
phase_id: 69d6390c-3565-4e70-b82e-022b69c68f82
created_by: 3be3a56c-8b79-4b56-82c4-ad3a53153274
completed_by: 7f11a656-2aa0-4753-bd66-4090fc26c3da
completed_at: 2026-05-29T16:04:42.026978776+01:00
created_at: 2026-05-08T18:46:45.103070749+01:00
updated_at: 2026-05-29T16:04:42.026978776+01:00
