id: 9b39533a-b49c-4b60-9201-558566a2af89
project_id: 920db607-6449-4019-826c-28ba39b6a8d0
number: 6
title: 'Multi-root project registry in Service: support N project stores'
column: done
phase_id: 4d573198-60c5-4013-be07-1d38a2302a65
wave: 2
depends_on:
    - edfb2ea5-ad6b-450c-8345-c3a97e695005
    - 631f4c4d-cb0a-4742-a32a-ede98c4e7b01
created_by: 1d9de123-3477-4003-9a8c-5f7d8f55dda4
completed_by: 311e9ac4-3e14-4fb2-a993-cbcfa34776b0
completed_at: 2026-05-03T08:37:03.904614843+01:00
created_at: 2026-05-02T20:58:01.995032488+01:00
updated_at: 2026-05-03T08:37:03.904614843+01:00
