id: 5689a5ca-f3f3-41ef-8586-4e581c7cf908
project_id: 920db607-6449-4019-826c-28ba39b6a8d0
number: 32
title: 'Delete ticket: svc method, MCP tool, web detail-page button'
column: done
phase_id: 5915b10d-53c3-4243-b2a9-3549ea8a5c01
created_by: 3fef1856-51a2-4ec3-ba54-f7bd95573e6f
completed_by: 3fef1856-51a2-4ec3-ba54-f7bd95573e6f
completed_at: 2026-05-05T15:58:36.928693339+01:00
created_at: 2026-05-05T15:51:08.468717077+01:00
updated_at: 2026-05-05T15:58:36.928693339+01:00
