id: e8eb14d3-a147-4014-87d2-5e2a9451c77c
project_id: 920db607-6449-4019-826c-28ba39b6a8d0
number: 107
title: Realtime SSE patches when commits/PRs/releases land on an open ticket
column: todo
phase_id: 14b6e0a2-1f58-4bfb-a84b-66cc89157038
wave: 3
created_by: 6bf84e21-2bb2-4df1-aace-448a30bcf514
created_at: 2026-05-30T22:11:04.808899007+01:00
updated_at: 2026-05-30T22:11:04.808899007+01:00
