id: da60fd70-abd5-4a6d-a1aa-f7f2c73cb665
project_id: 920db607-6449-4019-826c-28ba39b6a8d0
number: 99
title: git.Provider interface + project.yaml git block + GitHub/local impls
column: todo
phase_id: 14b6e0a2-1f58-4bfb-a84b-66cc89157038
wave: 1
created_by: 6bf84e21-2bb2-4df1-aace-448a30bcf514
created_at: 2026-05-30T22:09:50.334581398+01:00
updated_at: 2026-05-30T22:09:50.334581398+01:00
