id: 3f2b1a5b-0b41-4307-978e-d4bbb6ba4b7b
project_id: 920db607-6449-4019-826c-28ba39b6a8d0
number: 59
title: rate_search_result MCP tool
column: todo
phase_id: bb7793a2-1f20-4f02-9b08-0b67d16bf4f0
wave: 1
created_by: b0bb6b33-2b2c-440d-a713-623927c8c30d
created_at: 2026-05-30T17:16:38.483112319+01:00
updated_at: 2026-05-30T17:16:38.483112319+01:00
