id: f6c8d7a6-51a9-4f5f-a2fc-a715ab762b4a
project_id: 920db607-6449-4019-826c-28ba39b6a8d0
number: 105
title: prepare-commit-msg hook + `tickets_please commit-hook install` subcommand
column: todo
phase_id: 14b6e0a2-1f58-4bfb-a84b-66cc89157038
wave: 3
created_by: 6bf84e21-2bb2-4df1-aace-448a30bcf514
created_at: 2026-05-30T22:10:51.700459286+01:00
updated_at: 2026-05-30T22:10:51.700459286+01:00
