id: 8b3fae7c-a6d9-4bfc-a64b-48e25aa42148
project_id: 920db607-6449-4019-826c-28ba39b6a8d0
number: 135
title: Tune web buttons and palette toward a sharper high-contrast product feel
column: done
phase_id: 1f568db1-4560-467d-9182-cebc4dc3c7fa
created_by: a3e24c3c-0e20-4bfe-a630-4db991775cd4
completed_by: a3e24c3c-0e20-4bfe-a630-4db991775cd4
completed_at: 2026-06-15T23:32:47.663344026+01:00
created_at: 2026-06-15T23:27:23.86824805+01:00
updated_at: 2026-06-15T23:32:47.663344026+01:00
