id: 65cc4d50-86d6-40f3-a912-9a278091240e
project_id: 920db607-6449-4019-826c-28ba39b6a8d0
number: 142
title: 'Web UI: ideation lane on the board'
column: done
phase_id: 077fcc15-1e3c-459d-a72e-75e9242c6d7a
wave: 3
depends_on:
    - 4b7497bb-c12f-4d69-8945-d83e5eb223ea
created_by: 8da66aae-a1d0-4881-bfe9-137e7553ad7e
completed_by: 6bb8486b-a8de-436a-8027-0ff093ce79b3
completed_at: 2026-06-18T21:59:33.509697359+01:00
created_at: 2026-06-18T21:21:16.77662019+01:00
updated_at: 2026-06-18T21:59:33.509697359+01:00
