id: 56354bfd-a1c1-4c49-80ae-27ae2735a7b2
project_id: 920db607-6449-4019-826c-28ba39b6a8d0
number: 45
title: 'Per-project search: route, handler, template'
column: todo
phase_id: 69d6390c-3565-4e70-b82e-022b69c68f82
wave: 4
depends_on:
    - 84ed32f2-feea-4458-9976-78558d3567ac
created_by: 3868e790-8a50-4ed1-9964-3d778ce7c3fb
created_at: 2026-05-08T11:31:38.545123508+01:00
updated_at: 2026-05-08T11:31:38.545123508+01:00
