id: c938d432-2581-49bc-93e6-5a08e030866c
project_id: 920db607-6449-4019-826c-28ba39b6a8d0
number: 122
title: Phases page ticket rows misaligned (grid auto-placement bug)
column: todo
phase_id: 9cb33cde-d600-45e4-874b-10198f6aab85
created_by: 84aa951e-b2ad-4527-acca-d774d2601732
created_at: 2026-06-07T11:15:30.523385224+01:00
updated_at: 2026-06-07T11:15:30.523385224+01:00
