id: 23dbe42e-467f-4ec2-ab02-27309c37285a
project_id: 920db607-6449-4019-826c-28ba39b6a8d0
number: 139
title: 'Lifecycle gating: keep ideas out of the work flow'
column: done
phase_id: 077fcc15-1e3c-459d-a72e-75e9242c6d7a
wave: 2
depends_on:
    - 08316064-54c6-4e0f-a7ce-9f388d8e846c
created_by: 8da66aae-a1d0-4881-bfe9-137e7553ad7e
completed_by: 6bb8486b-a8de-436a-8027-0ff093ce79b3
completed_at: 2026-06-18T21:39:38.378060648+01:00
created_at: 2026-06-18T21:20:35.731192649+01:00
updated_at: 2026-06-18T21:39:38.378060648+01:00
