id: 86c81164-4e01-4e1e-9274-c87317a282b9
project_id: 920db607-6449-4019-826c-28ba39b6a8d0
number: 75
title: 'GitHub + Google OAuth: providers, login page, callback flow'
column: todo
phase_id: 60c4d889-a15e-48d2-b319-4447ad5b716d
wave: 2
created_by: 6bf84e21-2bb2-4df1-aace-448a30bcf514
created_at: 2026-05-30T22:04:01.758659867+01:00
updated_at: 2026-05-30T22:04:01.758659867+01:00
