id: 534adaa9-950a-468a-b490-1b269ac6f25c
project_id: 920db607-6449-4019-826c-28ba39b6a8d0
number: 116
title: Accept human-readable ticket shortcodes (project-slug/NNN) wherever tools take a ticket_id UUID
column: done
created_by: 4b87c63b-f84c-47ce-bec4-f3e07508ee3f
completed_by: 11a211cc-8782-471d-9f7b-f2c3de03f218
completed_at: 2026-06-07T14:43:27.715118791+01:00
created_at: 2026-06-02T22:49:17.406872566+01:00
updated_at: 2026-06-07T14:43:27.715118791+01:00
