id: d2f358aa-9f1d-4eab-80d9-dd7b9892b919
project_id: 920db607-6449-4019-826c-28ba39b6a8d0
number: 97
title: "Inline \U0001F44D / \U0001F44E buttons on search hits → rate_search_result"
column: done
phase_id: 9cb33cde-d600-45e4-874b-10198f6aab85
wave: 4
created_by: 6bf84e21-2bb2-4df1-aace-448a30bcf514
completed_by: 9aaf4d1b-f015-4793-a29f-236b68b7a0eb
completed_at: 2026-06-06T20:42:47.543682864+01:00
created_at: 2026-05-30T22:08:09.078537536+01:00
updated_at: 2026-06-06T20:42:47.543682864+01:00
