id: 8841449f-29bc-4ac4-9896-dfb5ac3a3df6
project_id: 920db607-6449-4019-826c-28ba39b6a8d0
number: 30
title: Make create_project auth-soft (the actual bootstrap fix)
column: done
phase_id: 84f93aa6-be90-4d75-bbb7-40b85bedf16e
wave: 2
created_by: f8f01db0-21e8-4057-b1d4-9fdc142d72eb
completed_by: f8f01db0-21e8-4057-b1d4-9fdc142d72eb
completed_at: 2026-05-04T23:50:28.322928374+01:00
created_at: 2026-05-04T23:49:43.584011171+01:00
updated_at: 2026-05-04T23:50:28.322928374+01:00
