id: 6dc8d112-8c94-4546-acae-33b279089dbb
project_id: 920db607-6449-4019-826c-28ba39b6a8d0
number: 35
title: Probe Ollama dim at startup; drop hardcoded 768
column: todo
phase_id: 69d6390c-3565-4e70-b82e-022b69c68f82
wave: 1
created_by: 3868e790-8a50-4ed1-9964-3d778ce7c3fb
created_at: 2026-05-08T11:28:52.044678713+01:00
updated_at: 2026-05-08T11:28:52.044678713+01:00
