id: a35d3dbe-9b56-471e-9469-418b68f29609
project_id: 920db607-6449-4019-826c-28ba39b6a8d0
number: 91
title: Shared reltime helper + consistent time formatting across the app
column: testing
phase_id: 9cb33cde-d600-45e4-874b-10198f6aab85
wave: 2
created_by: 6bf84e21-2bb2-4df1-aace-448a30bcf514
created_at: 2026-05-30T22:07:24.009741895+01:00
updated_at: 2026-06-06T18:58:19.868576001+01:00
