id: 3d6cbfd7-67ca-4d93-b679-1039001fa686
project_id: 920db607-6449-4019-826c-28ba39b6a8d0
number: 118
title: Rich text / markdown still doesn't work for ticket body text (likely same RequireString envelope fragility as complete_ticket)
column: done
created_by: 4b87c63b-f84c-47ce-bec4-f3e07508ee3f
completed_by: 11a211cc-8782-471d-9f7b-f2c3de03f218
completed_at: 2026-06-07T14:34:29.020552484+01:00
created_at: 2026-06-02T22:49:40.090344934+01:00
updated_at: 2026-06-07T14:34:29.020552484+01:00
