id: 95b00884-c7e5-4e71-b114-9d19eff8dd9e
project_id: 920db607-6449-4019-826c-28ba39b6a8d0
number: 117
title: Web sign-in session expires too quickly — bump login session TTL to ~24h (or indefinite)
column: done
created_by: 4b87c63b-f84c-47ce-bec4-f3e07508ee3f
completed_by: 11a211cc-8782-471d-9f7b-f2c3de03f218
completed_at: 2026-06-07T14:58:09.327929778+01:00
created_at: 2026-06-02T22:49:27.998075045+01:00
updated_at: 2026-06-07T14:58:09.327929778+01:00
