id: 5f8bcc39-f453-426a-96f4-d79582c2fe8b
project_id: 920db607-6449-4019-826c-28ba39b6a8d0
number: 9
title: 'Web foundation: package skeleton, embed, cookie sessions'
column: todo
phase_id: 4d570481-e395-4ca6-9e21-4bb78dc0d2e9
wave: 1
created_by: ce26ef78-6d8d-4b1b-96cf-46e83b963189
created_at: 2026-05-04T11:59:36.756186987+01:00
updated_at: 2026-05-04T11:59:36.756186987+01:00
