id: 10b302f6-805b-4398-910e-d4aaa60983d1
project_id: 920db607-6449-4019-826c-28ba39b6a8d0
number: 126
title: Frontend styling once-over (post UI-refresh)
column: done
phase_id: 9cb33cde-d600-45e4-874b-10198f6aab85
created_by: 84aa951e-b2ad-4527-acca-d774d2601732
completed_by: 84aa951e-b2ad-4527-acca-d774d2601732
completed_at: 2026-06-07T11:16:49.351353203+01:00
created_at: 2026-06-07T11:15:54.27920308+01:00
updated_at: 2026-06-07T11:16:49.351353203+01:00
