id: 14f0726d-b486-46b1-a04d-6a52df2ca092
project_id: 920db607-6449-4019-826c-28ba39b6a8d0
number: 104
title: Permanent commit→ticket capture into system_completion comment
column: todo
phase_id: 14b6e0a2-1f58-4bfb-a84b-66cc89157038
wave: 2
created_by: 6bf84e21-2bb2-4df1-aace-448a30bcf514
created_at: 2026-05-30T22:10:42.250317357+01:00
updated_at: 2026-05-30T22:10:42.250317357+01:00
