id: adcc2e82-df85-44bc-aab9-4f9ff4cdbbdf
project_id: 920db607-6449-4019-826c-28ba39b6a8d0
number: 95
title: 'Archive UI: badge on tickets + archive/unarchive buttons on ticket detail'
column: todo
phase_id: 9cb33cde-d600-45e4-874b-10198f6aab85
wave: 4
created_by: 6bf84e21-2bb2-4df1-aace-448a30bcf514
created_at: 2026-05-30T22:07:54.343508874+01:00
updated_at: 2026-05-30T22:07:54.343508874+01:00
