id: 19b36064-4082-41c3-896b-356b4e406695
project_id: 920db607-6449-4019-826c-28ba39b6a8d0
number: 84
title: Live patches on /agents page (last-seen ticks, new registrations)
column: done
phase_id: 60c4d889-a15e-48d2-b319-4447ad5b716d
wave: 3
created_by: 6bf84e21-2bb2-4df1-aace-448a30bcf514
completed_by: 1c0933c7-344c-4cf0-97f1-013af02afd45
completed_at: 2026-06-06T20:08:41.307904494+01:00
created_at: 2026-05-30T22:05:40.999189236+01:00
updated_at: 2026-06-06T20:08:41.307904494+01:00
