id: 60c4d889-a15e-48d2-b319-4447ad5b716d
project_id: 920db607-6449-4019-826c-28ba39b6a8d0
slug: frontend-modernisation-foundation
number: 11
name: Frontend modernisation foundation
description: templ + Tailwind + Datastar + SSE, multi-user auth, realtime backbone — the bones for everything that follows
created_by: 6bf84e21-2bb2-4df1-aace-448a30bcf514
created_at: 2026-05-30T22:00:20.767032385+01:00
updated_at: 2026-05-30T22:00:20.767032385+01:00
