id: e9959da5-3cae-418c-8f59-5745e3bf2a98
project_id: 920db607-6449-4019-826c-28ba39b6a8d0
number: 103
title: PR + release surfacing on ticket detail (state badge + "shipped in v1.4.0" pill)
column: todo
phase_id: 14b6e0a2-1f58-4bfb-a84b-66cc89157038
wave: 2
created_by: 6bf84e21-2bb2-4df1-aace-448a30bcf514
created_at: 2026-05-30T22:10:27.707395154+01:00
updated_at: 2026-05-30T22:10:27.707395154+01:00
