id: 51153b49-dbaf-4810-9869-244127652e81
project_id: 920db607-6449-4019-826c-28ba39b6a8d0
number: 53
title: Add list_comments_scoped MCP tool — list comments across a project/phase/ticket with obvious filters
column: done
created_by: 9ba13e56-801b-40cf-8cc3-bd0db7531d8b
completed_by: 7f11a656-2aa0-4753-bd66-4090fc26c3da
completed_at: 2026-05-29T16:12:00.280432732+01:00
created_at: 2026-05-22T22:20:00+01:00
updated_at: 2026-05-29T16:12:00.280432732+01:00
