id: 926fabb0-cf17-4be3-b0ce-baa29bdf5087
project_id: 920db607-6449-4019-826c-28ba39b6a8d0
number: 88
title: 'Project overview: keep the dashboard but reorder to lead with phases'
column: todo
phase_id: 9cb33cde-d600-45e4-874b-10198f6aab85
wave: 1
created_by: 6bf84e21-2bb2-4df1-aace-448a30bcf514
created_at: 2026-05-30T22:06:56.184210528+01:00
updated_at: 2026-05-30T22:06:56.184210528+01:00
