id: ca4cfeb3-98d7-4c6d-b85e-ccb8fc783f17
project_id: 920db607-6449-4019-826c-28ba39b6a8d0
number: 113
title: CSV export of the analytics table
column: todo
phase_id: a00f22bd-d305-4f48-bc06-7c29478b1b9f
wave: 3
created_by: 6bf84e21-2bb2-4df1-aace-448a30bcf514
created_at: 2026-05-30T22:12:06.626372774+01:00
updated_at: 2026-05-30T22:12:06.626372774+01:00
