id: f73091f2-e46c-4d65-9ac3-b5a486fb2117
project_id: 920db607-6449-4019-826c-28ba39b6a8d0
number: 110
title: '/projects analytics page: sortable table + inline SVG sparklines'
column: todo
phase_id: a00f22bd-d305-4f48-bc06-7c29478b1b9f
wave: 2
created_by: 6bf84e21-2bb2-4df1-aace-448a30bcf514
created_at: 2026-05-30T22:11:43.95020179+01:00
updated_at: 2026-05-30T22:11:43.95020179+01:00
