id: 89efc4cf-6efc-4020-8edd-c657db035376
project_id: 920db607-6449-4019-826c-28ba39b6a8d0
number: 21
title: Picker dropdown + per-project nav in sidebar
column: done
phase_id: 410c8a57-8fef-410d-94b5-11c88c30beaf
wave: 1
created_by: 1a12a651-946e-4b34-9432-f3277e915ee6
completed_by: d1fb7e88-7ee1-4b40-ba34-2bb2d928f8e8
completed_at: 2026-05-04T19:57:17.975569759+01:00
created_at: 2026-05-04T19:48:56.922072833+01:00
updated_at: 2026-05-04T19:57:17.975569759+01:00
