id: 9a28f3fa-fef8-4576-bcd6-595b14638d43
project_id: 920db607-6449-4019-826c-28ba39b6a8d0
number: 102
title: Per-ticket commits panel on ticket detail (SHA, author, stats, link to in-app diff)
column: todo
phase_id: 14b6e0a2-1f58-4bfb-a84b-66cc89157038
wave: 2
created_by: 6bf84e21-2bb2-4df1-aace-448a30bcf514
created_at: 2026-05-30T22:10:17.525067344+01:00
updated_at: 2026-05-30T22:10:17.525067344+01:00
