id: 7e24d658-4c78-4fc3-9e51-53f1948c410d
project_id: 920db607-6449-4019-826c-28ba39b6a8d0
number: 108
title: 'ProjectMetrics aggregator: velocity, in-progress, completion rate, learnings density'
column: todo
phase_id: a00f22bd-d305-4f48-bc06-7c29478b1b9f
wave: 1
created_by: 6bf84e21-2bb2-4df1-aace-448a30bcf514
created_at: 2026-05-30T22:11:24.796073598+01:00
updated_at: 2026-05-30T22:11:24.796073598+01:00
