id: f988dea5-790f-4ea1-a817-6c388fed961c
project_id: 920db607-6449-4019-826c-28ba39b6a8d0
number: 47
title: Comment-preserving config.yaml save (yaml.Node)
column: done
phase_id: 69d6390c-3565-4e70-b82e-022b69c68f82
wave: 5
created_by: 3868e790-8a50-4ed1-9964-3d778ce7c3fb
completed_by: a68b1eec-129d-4467-bbba-8a7eda003151
completed_at: 2026-05-08T12:30:54.903129858+01:00
created_at: 2026-05-08T11:32:04.612391436+01:00
updated_at: 2026-05-08T12:30:54.903129858+01:00
