id: d0578ee4-c4dc-43df-91cf-2f1a2093301d
project_id: 920db607-6449-4019-826c-28ba39b6a8d0
number: 64
title: 'templ tooling: add a-h/templ, go generate wiring, Makefile target, dev hot-reload'
column: testing
phase_id: 60c4d889-a15e-48d2-b319-4447ad5b716d
wave: 1
created_by: 6bf84e21-2bb2-4df1-aace-448a30bcf514
created_at: 2026-05-30T22:01:38.917597764+01:00
updated_at: 2026-05-30T22:25:29.787535607+01:00
