id: 7a5f29ac-df59-4a20-bd36-ba5d4b2cf015
project_id: 920db607-6449-4019-826c-28ba39b6a8d0
number: 71
title: Migrate ticket detail + edit + new + board + all modals to templ
column: done
phase_id: 60c4d889-a15e-48d2-b319-4447ad5b716d
wave: 1
created_by: 6bf84e21-2bb2-4df1-aace-448a30bcf514
completed_by: e697492f-c09c-45da-a7b4-5d639f6b12c0
completed_at: 2026-05-31T00:04:09.922979653+01:00
created_at: 2026-05-30T22:02:42.230612363+01:00
updated_at: 2026-05-31T00:04:09.922979653+01:00
