id: 410c8a57-8fef-410d-94b5-11c88c30beaf
project_id: 920db607-6449-4019-826c-28ba39b6a8d0
slug: sidebar-redesign-project-picker-per-project-nav
number: 5
name: 'Sidebar redesign: project picker + per-project nav'
description: Replace the flat project list with a searchable picker dropdown + persistent per-project menu
created_by: 1a12a651-946e-4b34-9432-f3277e915ee6
created_at: 2026-05-04T19:48:37.119304718+01:00
updated_at: 2026-05-04T19:48:37.119304718+01:00
