id: d40cf2c6-5cb4-431f-9d03-dbf3954310d6
project_id: 920db607-6449-4019-826c-28ba39b6a8d0
number: 119
title: Nudge agents to actually use search_learnings + rate_search_result (feedback/learnings underused)
column: done
created_by: 4b87c63b-f84c-47ce-bec4-f3e07508ee3f
completed_by: 11a211cc-8782-471d-9f7b-f2c3de03f218
completed_at: 2026-06-07T15:00:41.694021019+01:00
created_at: 2026-06-02T22:49:53.211909711+01:00
updated_at: 2026-06-07T15:00:41.694021019+01:00
