id: cd10ba84-bd78-44d5-99a3-184433311132
project_id: 920db607-6449-4019-826c-28ba39b6a8d0
number: 29
title: Update dataDirReadme with bootstrap guidance
column: done
phase_id: 84f93aa6-be90-4d75-bbb7-40b85bedf16e
wave: 1
created_by: 2c052c5b-fc8c-4da2-ac5d-e0da7c4f0bc6
completed_by: 2c052c5b-fc8c-4da2-ac5d-e0da7c4f0bc6
completed_at: 2026-05-04T23:32:57.385145117+01:00
created_at: 2026-05-04T23:27:29.609870634+01:00
updated_at: 2026-05-04T23:32:57.385145117+01:00
