id: 1ae08510-1a15-4e5b-bad7-e475e65b1df8
project_id: 920db607-6449-4019-826c-28ba39b6a8d0
number: 80
title: 'SSE hub: per-session subscriptions, topic scoping, reconnect with last-event-id'
column: todo
phase_id: 60c4d889-a15e-48d2-b319-4447ad5b716d
wave: 3
created_by: 6bf84e21-2bb2-4df1-aace-448a30bcf514
created_at: 2026-05-30T22:05:07.913640313+01:00
updated_at: 2026-05-30T22:05:07.913640313+01:00
