id: 725df08b-8021-4264-9e06-94614996849d
project_id: 920db607-6449-4019-826c-28ba39b6a8d0
number: 131
title: DONE column-badge alignment shifts depending on trailing attribution width
column: done
phase_id: 1f568db1-4560-467d-9182-cebc4dc3c7fa
created_by: fca3249f-cae9-45ba-9e95-9b355c2f3e47
completed_by: fcf4aab5-fc3b-4055-847c-ace42691a952
completed_at: 2026-06-12T16:32:50.161408301+01:00
created_at: 2026-06-10T12:24:09.012910467+01:00
updated_at: 2026-06-12T16:32:50.161408301+01:00
