id: b26f2ced-5fec-48b4-af89-9b76ed544ddc
project_id: 920db607-6449-4019-826c-28ba39b6a8d0
number: 57
title: 'Documentation sweep: bring all docs current, especially the (badly stale) tickets_please project summary'
column: done
created_by: 84a9726d-af30-4d85-a078-57f9ccf6c629
completed_by: 7f11a656-2aa0-4753-bd66-4090fc26c3da
completed_at: 2026-05-29T16:24:51.283559582+01:00
created_at: 2026-05-29T15:39:01.791710843+01:00
updated_at: 2026-05-29T16:24:51.283559582+01:00
