id: 76f83e10-7884-409f-9beb-49b7e410d3f1
project_id: 920db607-6449-4019-826c-28ba39b6a8d0
number: 140
title: '`promote_idea`: flip idea → work in place'
column: todo
phase_id: 077fcc15-1e3c-459d-a72e-75e9242c6d7a
wave: 2
depends_on:
    - 08316064-54c6-4e0f-a7ce-9f388d8e846c
created_by: 8da66aae-a1d0-4881-bfe9-137e7553ad7e
created_at: 2026-06-18T21:20:46.359782644+01:00
updated_at: 2026-06-18T21:20:46.359782644+01:00
