id: 63c73101-1db6-4f0e-ace3-5a29840f092b
project_id: 920db607-6449-4019-826c-28ba39b6a8d0
number: 49
title: 'Global Settings page: defaults + Re-embed All'
column: todo
phase_id: 69d6390c-3565-4e70-b82e-022b69c68f82
wave: 5
depends_on:
    - f988dea5-790f-4ea1-a817-6c388fed961c
    - ef8be475-0163-491d-9f38-f605bdee6b2e
created_by: 3868e790-8a50-4ed1-9964-3d778ce7c3fb
created_at: 2026-05-08T11:32:39.136733977+01:00
updated_at: 2026-05-08T11:32:39.136733977+01:00
