id: c4325502-ca3c-448f-9b0c-214318da30fc
project_id: 920db607-6449-4019-826c-28ba39b6a8d0
number: 81
title: 'svc event bus: publish on column move, comment, completion, archive, agent registration'
column: todo
phase_id: 60c4d889-a15e-48d2-b319-4447ad5b716d
wave: 3
created_by: 6bf84e21-2bb2-4df1-aace-448a30bcf514
created_at: 2026-05-30T22:05:17.011915211+01:00
updated_at: 2026-05-30T22:05:17.011915211+01:00
