id: 74fa2753-7379-4df7-be7b-f5f712d66038
project_id: 920db607-6449-4019-826c-28ba39b6a8d0
number: 58
title: Per-project feedback store + entry-key scheme
column: in_progress
phase_id: bb7793a2-1f20-4f02-9b08-0b67d16bf4f0
wave: 1
created_by: b0bb6b33-2b2c-440d-a713-623927c8c30d
created_at: 2026-05-30T17:16:21.273484935+01:00
updated_at: 2026-05-30T17:47:20.856489182+01:00
