id: 5b91424f-c674-4421-a6d0-43200c9fbb74
project_id: 920db607-6449-4019-826c-28ba39b6a8d0
number: 31
title: Move action panels into native dialog modals; widen body
column: done
phase_id: 5915b10d-53c3-4243-b2a9-3549ea8a5c01
created_by: c37cefe9-af48-450e-93e4-6fb1c4405384
completed_by: 391311b0-584c-4185-8112-3384c3498634
completed_at: 2026-05-05T00:07:14.505439546+01:00
created_at: 2026-05-05T00:02:47.558641287+01:00
updated_at: 2026-05-05T00:07:14.505439546+01:00
