id: 1f0cda58-bb3c-4abe-acf7-50e85b1f8220
project_id: 920db607-6449-4019-826c-28ba39b6a8d0
number: 86
title: 'Kill the board: redirect /p/{slug}/board → /p/{slug}/phases, replace nav links'
column: in_progress
phase_id: 9cb33cde-d600-45e4-874b-10198f6aab85
wave: 1
created_by: 6bf84e21-2bb2-4df1-aace-448a30bcf514
created_at: 2026-05-30T22:06:39.493919629+01:00
updated_at: 2026-06-06T18:09:24.35501057+01:00
