id: c8589bad-09e5-4c97-8cd4-b8959adde05b
project_id: 920db607-6449-4019-826c-28ba39b6a8d0
number: 28
title: Add Bootstrapping section to ServerInstructions
column: done
phase_id: 84f93aa6-be90-4d75-bbb7-40b85bedf16e
wave: 1
created_by: 2c052c5b-fc8c-4da2-ac5d-e0da7c4f0bc6
completed_by: 2c052c5b-fc8c-4da2-ac5d-e0da7c4f0bc6
completed_at: 2026-05-04T23:31:11.708246281+01:00
created_at: 2026-05-04T23:27:17.117736528+01:00
updated_at: 2026-05-04T23:31:11.708246281+01:00
