id: d692b96c-5af6-43b6-9ac8-e6957c607e05
project_id: 920db607-6449-4019-826c-28ba39b6a8d0
number: 85
title: Optimistic UI for column move + comment submit
column: in_progress
phase_id: 60c4d889-a15e-48d2-b319-4447ad5b716d
wave: 3
created_by: 6bf84e21-2bb2-4df1-aace-448a30bcf514
created_at: 2026-05-30T22:05:49.10433121+01:00
updated_at: 2026-06-06T12:00:22.875252591+01:00
