id: 84f93aa6-be90-4d75-bbb7-40b85bedf16e
project_id: 920db607-6449-4019-826c-28ba39b6a8d0
slug: bootstrap-ux
number: 7
name: Bootstrap UX
description: Stop agents from spelunking the source code when they hit the cold-start chicken-and-egg.
created_by: 2c052c5b-fc8c-4da2-ac5d-e0da7c4f0bc6
created_at: 2026-05-04T23:26:48.018903197+01:00
updated_at: 2026-05-04T23:26:48.018903197+01:00
