id: 5bb597ce-a55e-407f-b88a-165934602582
project_id: 920db607-6449-4019-826c-28ba39b6a8d0
number: 22
title: Project overview → dashboard with metrics + recent activity
column: todo
created_by: 3d6332f7-bf78-4911-b8c4-b8073bad26b4
created_at: 2026-05-04T20:16:48.897355509+01:00
updated_at: 2026-05-04T20:16:48.897355509+01:00
