id: a9bcdb8e-4f41-45e7-af28-0189ed27abfa
project_id: 920db607-6449-4019-826c-28ba39b6a8d0
number: 111
title: 'Agents leaderboard: top agents by throughput (global + per-project, 30/90/all-time windows)'
column: todo
phase_id: a00f22bd-d305-4f48-bc06-7c29478b1b9f
wave: 3
created_by: 6bf84e21-2bb2-4df1-aace-448a30bcf514
created_at: 2026-05-30T22:11:51.83661432+01:00
updated_at: 2026-05-30T22:11:51.83661432+01:00
