id: 3fc1c4a9-426a-439b-a369-4a7d700e57ff
project_id: 920db607-6449-4019-826c-28ba39b6a8d0
number: 132
title: Add an "ideation" ticket kind, separate from work tickets
column: todo
created_by: c4953284-c1ea-4b0d-8974-3a19ecdea288
created_at: 2026-06-12T10:12:23.453174902+01:00
updated_at: 2026-06-12T10:15:09.228255207+01:00
