id: ba05e2f9-d6a2-4466-aebb-26567c9ad266
project_id: 920db607-6449-4019-826c-28ba39b6a8d0
number: 101
title: 'Branch indexer: detect ticket/NNN-* + tickets-please/NNN-* branches'
column: todo
phase_id: 14b6e0a2-1f58-4bfb-a84b-66cc89157038
wave: 1
created_by: 6bf84e21-2bb2-4df1-aace-448a30bcf514
created_at: 2026-05-30T22:10:09.433260247+01:00
updated_at: 2026-05-30T22:10:09.433260247+01:00
