id: 8c6f6b87-791f-4e76-8fcc-f782d6d9e709
project_id: 920db607-6449-4019-826c-28ba39b6a8d0
number: 124
title: Link attribution authors to agent/user pages
column: done
phase_id: 9cb33cde-d600-45e4-874b-10198f6aab85
created_by: 84aa951e-b2ad-4527-acca-d774d2601732
completed_by: 84aa951e-b2ad-4527-acca-d774d2601732
completed_at: 2026-06-07T11:16:43.125298831+01:00
created_at: 2026-06-07T11:15:43.936147971+01:00
updated_at: 2026-06-07T11:16:43.125298831+01:00
