id: cedc96f6-05de-4fc2-a364-b240ad33c899
project_id: 920db607-6449-4019-826c-28ba39b6a8d0
number: 100
title: 'Commit indexer: parse ticket-ref footers, build reverse index'
column: todo
phase_id: 14b6e0a2-1f58-4bfb-a84b-66cc89157038
wave: 1
created_by: 6bf84e21-2bb2-4df1-aace-448a30bcf514
created_at: 2026-05-30T22:10:02.193127256+01:00
updated_at: 2026-05-30T22:10:02.193127256+01:00
