id: 00c6150a-4a9e-4832-8afc-826f284b2ed7
project_id: 920db607-6449-4019-826c-28ba39b6a8d0
number: 83
title: Live patches on phases page (dot colors, counts, ticket rows on column moves)
column: todo
phase_id: 60c4d889-a15e-48d2-b319-4447ad5b716d
wave: 3
created_by: 6bf84e21-2bb2-4df1-aace-448a30bcf514
created_at: 2026-05-30T22:05:34.582732374+01:00
updated_at: 2026-05-30T22:05:34.582732374+01:00
