id: bda1ec08-865c-499f-bc75-76baabcabd42
project_id: 920db607-6449-4019-826c-28ba39b6a8d0
number: 115
title: 'complete_ticket: make only `learnings` required; relax other fields'
column: testing
created_by: 140ee0ea-46bd-4e9e-89eb-70d02252f433
created_at: 2026-05-30T23:32:21.06366678+01:00
updated_at: 2026-05-30T23:41:44.093540962+01:00
