id: f01eeefa-59a9-4701-a39a-a7fbfdc93c00
project_id: 920db607-6449-4019-826c-28ba39b6a8d0
number: 68
title: Migrate home + project picker sidebar to templ
column: in_progress
phase_id: 60c4d889-a15e-48d2-b319-4447ad5b716d
wave: 1
created_by: 6bf84e21-2bb2-4df1-aace-448a30bcf514
created_at: 2026-05-30T22:02:19.413653169+01:00
updated_at: 2026-05-30T23:36:08.22516081+01:00
